Id;Interarrival Time;Arrival Time;Service Time;Time Service Begins;Waiting time in Queue;Time Service Ends;Time Customer Spends in System;Idle time of Server
0;0;0.0;2;0.0;0.0;2.0;2.0;0.0
1;4.0;4.0;4;4.0;0.0;8.0;4.0;2.0
2;5.0;9.0;5;9.0;0.0;14.0;5.0;1.0
3;8.0;17.0;4;17.0;0.0;21.0;4.0;3.0
4;5.0;22.0;5;22.0;0.0;27.0;5.0;1.0
5;8.0;30.0;5;30.0;0.0;35.0;5.0;3.0
6;7.0;37.0;3;37.0;0.0;40.0;3.0;2.0
7;5.0;42.0;4;42.0;0.0;46.0;4.0;2.0
8;6.0;48.0;3;48.0;0.0;51.0;3.0;2.0
9;4.0;52.0;2;52.0;0.0;54.0;2.0;1.0
10;7.0;59.0;5;59.0;0.0;64.0;5.0;5.0
11;8.0;67.0;2;67.0;0.0;69.0;2.0;3.0
12;1.0;68.0;5;69.0;1.0;74.0;6.0;0.0
13;1.0;69.0;2;74.0;5.0;76.0;7.0;0.0
14;6.0;75.0;3;76.0;1.0;79.0;4.0;0.0
15;3.0;78.0;4;79.0;1.0;83.0;5.0;0.0
16;5.0;83.0;4;83.0;0.0;87.0;4.0;0.0
17;1.0;84.0;4;87.0;3.0;91.0;7.0;0.0
18;4.0;88.0;4;91.0;3.0;95.0;7.0;0.0
19;3.0;91.0;4;95.0;4.0;99.0;8.0;0.0
20;5.0;96.0;2;99.0;3.0;101.0;5.0;0.0
21;2.0;98.0;3;101.0;3.0;104.0;6.0;0.0
22;3.0;101.0;2;104.0;3.0;106.0;5.0;0.0
23;7.0;108.0;4;108.0;0.0;112.0;4.0;2.0
24;1.0;109.0;3;112.0;3.0;115.0;6.0;0.0
25;4.0;113.0;5;115.0;2.0;120.0;7.0;0.0
26;3.0;116.0;3;120.0;4.0;123.0;7.0;0.0
27;8.0;124.0;4;124.0;0.0;128.0;4.0;1.0
28;6.0;130.0;1;130.0;0.0;131.0;1.0;2.0
29;3.0;133.0;4;133.0;0.0;137.0;4.0;2.0
30;4.0;137.0;3;137.0;0.0;140.0;3.0;0.0
31;1.0;138.0;5;140.0;2.0;145.0;7.0;0.0
32;3.0;141.0;3;145.0;4.0;148.0;7.0;0.0
33;1.0;142.0;3;148.0;6.0;151.0;9.0;0.0
34;6.0;148.0;2;151.0;3.0;153.0;5.0;0.0
35;8.0;156.0;3;156.0;0.0;159.0;3.0;3.0
36;8.0;164.0;1;164.0;0.0;165.0;1.0;5.0
37;7.0;171.0;2;171.0;0.0;173.0;2.0;6.0
38;3.0;174.0;4;174.0;0.0;178.0;4.0;1.0
39;3.0;177.0;5;178.0;1.0;183.0;6.0;0.0
40;7.0;184.0;3;184.0;0.0;187.0;3.0;1.0
41;4.0;188.0;1;188.0;0.0;189.0;1.0;1.0
42;5.0;193.0;3;193.0;0.0;196.0;3.0;4.0
43;6.0;199.0;3;199.0;0.0;202.0;3.0;3.0
44;8.0;207.0;2;207.0;0.0;209.0;2.0;5.0
45;3.0;210.0;4;210.0;0.0;214.0;4.0;1.0
46;6.0;216.0;5;216.0;0.0;221.0;5.0;2.0
47;8.0;224.0;3;224.0;0.0;227.0;3.0;3.0
48;3.0;227.0;3;227.0;0.0;230.0;3.0;0.0
49;4.0;231.0;4;231.0;0.0;235.0;4.0;1.0
50;5.0;236.0;5;236.0;0.0;241.0;5.0;1.0
51;4.0;240.0;4;241.0;1.0;245.0;5.0;0.0
52;6.0;246.0;1;246.0;0.0;247.0;1.0;1.0
53;3.0;249.0;3;249.0;0.0;252.0;3.0;2.0
54;4.0;253.0;5;253.0;0.0;258.0;5.0;1.0
55;8.0;261.0;5;261.0;0.0;266.0;5.0;3.0
56;6.0;267.0;4;267.0;0.0;271.0;4.0;1.0
57;2.0;269.0;4;271.0;2.0;275.0;6.0;0.0
58;8.0;277.0;5;277.0;0.0;282.0;5.0;2.0
59;8.0;285.0;4;285.0;0.0;289.0;4.0;3.0
60;7.0;292.0;4;292.0;0.0;296.0;4.0;3.0
61;7.0;299.0;3;299.0;0.0;302.0;3.0;3.0
62;6.0;305.0;2;305.0;0.0;307.0;2.0;3.0
63;3.0;308.0;1;308.0;0.0;309.0;1.0;1.0
64;8.0;316.0;3;316.0;0.0;319.0;3.0;7.0
65;8.0;324.0;3;324.0;0.0;327.0;3.0;5.0
66;4.0;328.0;4;328.0;0.0;332.0;4.0;1.0
67;7.0;335.0;4;335.0;0.0;339.0;4.0;3.0
68;6.0;341.0;4;341.0;0.0;345.0;4.0;2.0
69;7.0;348.0;5;348.0;0.0;353.0;5.0;3.0
70;6.0;354.0;5;354.0;0.0;359.0;5.0;1.0
71;6.0;360.0;1;360.0;0.0;361.0;1.0;1.0
72;2.0;362.0;3;362.0;0.0;365.0;3.0;1.0
73;2.0;364.0;2;365.0;1.0;367.0;3.0;0.0
74;8.0;372.0;5;372.0;0.0;377.0;5.0;5.0
75;2.0;374.0;5;377.0;3.0;382.0;8.0;0.0
76;5.0;379.0;3;382.0;3.0;385.0;6.0;0.0
77;2.0;381.0;4;385.0;4.0;389.0;8.0;0.0
78;4.0;385.0;4;389.0;4.0;393.0;8.0;0.0
79;3.0;388.0;4;393.0;5.0;397.0;9.0;0.0
80;6.0;394.0;4;397.0;3.0;401.0;7.0;0.0
81;2.0;396.0;3;401.0;5.0;404.0;8.0;0.0
82;1.0;397.0;2;404.0;7.0;406.0;9.0;0.0
83;4.0;401.0;1;406.0;5.0;407.0;6.0;0.0
84;8.0;409.0;4;409.0;0.0;413.0;4.0;2.0
85;8.0;417.0;2;417.0;0.0;419.0;2.0;4.0
86;4.0;421.0;2;421.0;0.0;423.0;2.0;2.0
87;8.0;429.0;3;429.0;0.0;432.0;3.0;6.0
88;3.0;432.0;2;432.0;0.0;434.0;2.0;0.0
89;4.0;436.0;5;436.0;0.0;441.0;5.0;2.0
90;1.0;437.0;5;441.0;4.0;446.0;9.0;0.0
91;4.0;441.0;3;446.0;5.0;449.0;8.0;0.0
92;1.0;442.0;3;449.0;7.0;452.0;10.0;0.0
93;3.0;445.0;1;452.0;7.0;453.0;8.0;0.0
94;7.0;452.0;5;453.0;1.0;458.0;6.0;0.0
95;6.0;458.0;3;458.0;0.0;461.0;3.0;0.0
96;7.0;465.0;5;465.0;0.0;470.0;5.0;4.0
97;3.0;468.0;5;470.0;2.0;475.0;7.0;0.0
98;7.0;475.0;2;475.0;0.0;477.0;2.0;0.0
99;4.0;479.0;4;479.0;0.0;483.0;4.0;2.0
